image_width: 640
image_height: 480
camera_name: usb_camera
camera_matrix:
  rows: 3
  cols: 3
  data: [1320.127401, 0.0, 609.90294,
         0.0, 1329.050651, 457.308236,
         0.0, 0.0, 1.0]
distortion_model: plumb_bob
distortion_coefficients:
  rows: 1
  cols: 5
  data: [-0.034135, 0.131210, -0.015866, -0.004433, 0.0]
rectification_matrix:
  rows: 3
  cols: 3
  data: [1.0, 0.0, 0.0,
         0.0, 1.0, 0.0,
         0.0, 0.0, 1.0]
projection_matrix:
  rows: 3
  cols: 4
  data: [1320.127401, 0.0, 609.90294, 0.0,
         0.0, 1329.050651, 457.308236, 0.0,
         0.0, 0.0, 1.0, 0.0]
